canaries: 1699210800 1806382160 74849264
0
canaries: 1699210800 6101349456 74849264
0
canaries: 1699210800 10396316752 74849264
0
canaries: 1699210800 14691284048 74849264
0
canaries: 1699210800 18986251344 74849264
0
canaries: 1699210800 23281218640 74849264
0
canaries: 1699210800 27576185936 74849264
0
canaries: 1699210800 31871153232 74849264
0
canaries: 1699210800 36166120528 74849264
0
canaries: 1699210800 40461087824 74849264
0
canaries: 1699210800 44756055120 74849264
0
canaries: 1699210800 49051022416 74849264
0
canaries: 1699210800 53345989712 74849264
0
canaries: 1699210800 57640957008 74849264
0
canaries: 1699210800 61935924304 74849264
0
canaries: 1699210800 66230891600 74849264
0
canaries: 1699210800 70525858896 74849264
0
canaries: 1699210800 74820826192 74849264
0
canaries: 1699210800 79115793488 74849264
0
canaries: 1699210800 83410760784 74849264
0
canaries: 1699210800 87705728080 74849264
0
canaries: 1699210800 92000695376 74849264
0
canaries: 1699210800 96295662672 74849264
0
canaries: 1699210800 100590629968 74849264
0
canaries: 1699210800 104885597264 74849264
0
canaries: 1699210800 109180564560 74849264
0
canaries: 1699210800 113475531856 74849264
0
canaries: 1699210800 117770499152 74849264
0
canaries: 1699210800 122065466448 74849264
0
canaries: 1699210800 126360433744 74849264
0
canaries: 1699210800 130655401040 74849264
0
canaries: 1699210800 134950368336 74849264
0
canaries: 1699210800 139245335632 74849264
0
canaries: 1699210800 143540302928 74849264
0
canaries: 1699210800 147835270224 74849264
0
canaries: 1699210800 152130237520 74849264
0
canaries: 1699210800 156425204816 74849264
0
canaries: 1699210800 160720172112 74849264
0
canaries: 1699210800 165015139408 74849264
0
canaries: 1699210800 169310106704 74849264
0
canaries: 1699210800 173605074000 74849264
0
canaries: 1699210800 177900041296 74849264
0
canaries: 1699210800 182195008592 74849264
0
canaries: 1699210800 186489975888 74849264
0
canaries: 1699210800 190784943184 74849264
0
canaries: 1699210800 195079910480 74849264
0
canaries: 1699210800 199374877776 74849264
0
canaries: 1699210800 203669845072 74849264
0
canaries: 1699210800 207964812368 74849264
0
canaries: 1699210800 212259779664 74849264
0
canaries: 1699210800 216554746960 74849264
0
canaries: 1699210800 220849714256 74849264
0
canaries: 1699210800 225144681552 74849264
0
canaries: 1699210800 229439648848 74849264
0
canaries: 1699210800 233734616144 74849264
0
canaries: 1699210800 238029583440 74849264
0
canaries: 1699210800 242324550736 74849264
0
canaries: 1699210800 246619518032 74849264
0
canaries: 1699210800 250914485328 74849264
0
canaries: 1699210800 255209452624 74849264
0
canaries: 1699210800 259504419920 74849264
0
canaries: 1699210800 263799387216 74849264
0
canaries: 1699210800 268094354512 74849264
0
canaries: 1699210800 272389321808 74849264
0
canaries: 1699210800 276684289104 74849264
0
canaries: 1699210800 280979256400 74849264
0
canaries: 1699210800 285274223696 74849264
0
canaries: 1699210800 289569190992 74849264
0
canaries: 1699210800 293864158288 74849264
0
canaries: 1699210800 298159125584 74849264
0
canaries: 1699210800 302454092880 74849264
0
canaries: 1699210800 306749060176 74849264
0
canaries: 1699210800 311044027472 74849264
0
canaries: 1699210800 315338994768 74849264
0
canaries: 1699210800 319633962064 74849264
0
canaries: 1699210800 323928929360 74849264
0
canaries: 1699210800 328223896656 74849264
0
canaries: 1699210800 332518863952 74849264
0
canaries: 1699210800 336813831248 74849264
0
canaries: 1699210800 341108798544 74849264
0
canaries: 1699210800 345403765840 74849264
0
canaries: 1699210800 349698733136 74849264
0
canaries: 1699210800 353993700432 74849264
0
canaries: 1699210800 358288667728 74849264
0
canaries: 1699210800 362583635024 74849264
0
canaries: 1699210800 366878602320 74849264
0
canaries: 1699210800 371173569616 74849264
0
canaries: 1699210800 375468536912 74849264
0
canaries: 1699210800 379763504208 74849264
0
canaries: 1699210800 384058471504 74849264
0
canaries: 1699210800 388353438800 74849264
0
canaries: 1699210800 392648406096 74849264
0
canaries: 1699210800 396943373392 74849264
0
canaries: 1699210800 401238340688 74849264
0
canaries: 1699210800 405533307984 74849264
0
canaries: 1699210800 409828275280 74849264
0
canaries: 1699210800 414123242576 74849264
0
canaries: 1699210800 418418209872 74849264
0
canaries: 1699210800 422713177168 74849264
0
canaries: 1699210800 427008144464 74849264
0
99 0
98 0
97 0
96 0
95 0
94 0
93 0
92 0
91 0
90 0
89 0
88 0
87 0
86 0
85 0
84 0
83 0
82 0
81 0
80 0
79 0
78 0
77 0
76 0
75 0
74 0
73 0
72 0
71 0
70 0
69 0
68 0
67 0
66 0
65 0
64 0
63 0
62 0
61 0
60 0
59 0
58 0
57 0
56 0
55 0
54 0
53 0
52 0
51 0
50 0
49 0
48 0
47 0
46 0
45 0
44 0
43 0
42 0
41 0
40 0
>>> StackDump() has been started
Stack "p" from file "main.cpp", func "main" on 19 line
p
{
    p.capacity = 80
    p.size = 40
   {
       0
       1
       2
       3
       4
       5
       6
       7
       8
       9
       10
       11
       12
       13
       14
       15
       16
       17
       18
       19
       20
       21
       22
       23
       24
       25
       26
       27
       28
       29
       30
       31
       32
       33
       34
       35
       36
       37
       38
       39
>>>    0    <<<
       0
       0
       0
       0
       0
       0
       0
       0
       0
       0
       0
       0
       0
       0
       0
       0
       0
       0
       0
       0
       0
       0
       0
       0
       0
       0
       0
       0
       0
       0
       0
       0
       0
       0
       0
       0
       0
       0
       0
   }
}
>>> StackDump() has been finished
canaries: 1699210800 429496729600 74849264
